3,1,428.00,98.00,104.00,236.00,1,-1,-1,-1
3,2,342.13,87.46,96.63,219.28,1,-1,-1,-1
3,3,172.00,82.00,104.00,236.00,1,-1,-1,-1
3,4,68.75,104.00,94.55,214.55,1,-1,-1,-1
3,5,558.28,83.28,85.25,193.45,1,-1,-1,-1
3,6,509.12,119.68,53.07,120.44,1,-1,-1,-1
4,1,428.00,98.00,104.00,236.00,1,-1,-1,-1
4,2,347.65,83.60,101.84,231.09,1,-1,-1,-1
4,3,181.92,87.34,96.79,219.63,1,-1,-1,-1
4,4,74.40,117.74,88.53,200.90,1,-1,-1,-1
4,5,557.07,82.07,86.58,196.48,1,-1,-1,-1
4,6,500.60,116.38,55.75,126.52,1,-1,-1,-1
5,1,442.01,91.36,97.03,220.18,1,-1,-1,-1
5,2,349.18,82.45,103.40,234.63,1,-1,-1,-1
5,3,185.09,89.05,94.48,214.40,1,-1,-1,-1
5,4,65.75,122.12,86.61,196.55,1,-1,-1,-1
5,5,556.73,81.73,86.96,197.34,1,-1,-1,-1
5,6,503.92,108.83,56.56,128.36,1,-1,-1,-1
6,1,446.72,100.25,94.69,214.87,1,-1,-1,-1
6,2,345.18,86.30,109.63,248.77,1,-1,-1,-1
6,3,188.12,84.34,100.83,228.82,1,-1,-1,-1
6,4,63.09,123.28,86.11,195.40,1,-1,-1,-1
6,5,556.67,81.67,87.03,197.49,1,-1,-1,-1
6,6,503.23,106.73,56.77,128.83,1,-1,-1,-1
6,9,157.01,75.00,79.81,181.11,1,-1,-1,-1
7,1,448.07,103.15,94.01,213.34,1,-1,-1,-1
7,2,347.74,83.59,106.36,241.36,1,-1,-1,-1
7,3,189.06,82.79,102.93,233.58,1,-1,-1,-1
7,4,45.93,110.63,91.64,207.96,1,-1,-1,-1
7,5,556.70,81.70,87.01,197.44,1,-1,-1,-1
7,9,157.04,75.00,79.42,180.22,1,-1,-1,-1
7,10,388.38,95.77,101.91,231.27,1,-1,-1,-1
8,1,446.26,88.65,100.51,228.08,1,-1,-1,-1
8,2,356.85,97.66,98.48,223.46,1,-1,-1,-1
8,3,197.42,97.21,97.28,220.75,1,-1,-1,-1
8,4,40.12,106.25,93.56,212.32,1,-1,-1,-1
8,5,547.12,81.73,86.96,197.34,1,-1,-1,-1
8,9,166.86,91.61,66.00,149.77,1,-1,-1,-1
8,10,402.43,97.45,104.25,236.58,1,-1,-1,-1
9,1,445.57,83.61,102.79,233.24,1,-1,-1,-1
9,2,362.84,87.36,102.17,231.85,1,-1,-1,-1
9,3,200.35,102.64,95.14,215.89,1,-1,-1,-1
9,4,36.19,107.27,88.99,201.93,1,-1,-1,-1
9,5,543.65,81.77,86.92,197.25,1,-1,-1,-1
9,9,159.64,79.43,76.06,172.60,1,-1,-1,-1
9,10,398.90,98.11,107.07,242.96,1,-1,-1,-1
10,1,445.18,81.78,103.66,235.24,1,-1,-1,-1
10,2,364.84,83.86,103.43,234.70,1,-1,-1,-1
10,3,217.07,116.84,88.99,201.95,1,-1,-1,-1
10,4,26.82,104.94,92.65,210.25,1,-1,-1,-1
10,5,542.47,81.80,86.88,197.16,1,-1,-1,-1
10,9,166.10,80.57,74.53,169.14,1,-1,-1,-1
11,1,445.62,73.85,109.33,248.08,1,-1,-1,-1
11,2,365.42,82.52,103.90,235.76,1,-1,-1,-1
11,3,222.91,121.82,86.83,197.04,1,-1,-1,-1
11,4,23.62,94.16,93.94,213.18,1,-1,-1,-1
11,5,542.12,81.83,86.85,197.09,1,-1,-1,-1
11,9,169.30,92.21,65.58,148.82,1,-1,-1,-1
11,10,395.55,98.16,104.95,238.16,1,-1,-1,-1
12,1,455.51,78.13,106.20,240.99,1,-1,-1,-1
12,2,372.83,86.71,97.75,221.82,1,-1,-1,-1
12,3,230.25,125.45,81.54,185.04,1,-1,-1,-1
12,4,14.04,96.06,100.70,228.51,1,-1,-1,-1
12,5,542.08,81.86,86.83,197.03,1,-1,-1,-1
12,9,160.81,80.31,75.43,171.16,1,-1,-1,-1
12,10,400.81,102.48,97.89,222.14,1,-1,-1,-1
13,1,459.34,80.01,104.90,238.05,1,-1,-1,-1
13,2,375.46,88.33,95.39,216.46,1,-1,-1,-1
13,3,231.15,111.78,89.93,204.08,1,-1,-1,-1
13,4,9.93,100.68,97.10,220.36,1,-1,-1,-1
13,5,542.14,81.88,86.81,196.98,1,-1,-1,-1
13,9,158.29,76.78,78.33,177.76,1,-1,-1,-1
13,10,402.58,103.86,95.57,216.89,1,-1,-1,-1
14,1,461.99,95.43,98.11,222.63,1,-1,-1,-1
14,2,376.27,88.90,94.57,214.59,1,-1,-1,-1
14,3,236.76,109.89,87.54,198.66,1,-1,-1,-1
14,4,-1.30,98.64,101.88,231.19,1,-1,-1,-1
14,5,538.91,85.88,82.35,186.88,1,-1,-1,-1
14,9,157.29,75.38,79.51,180.42,1,-1,-1,-1
14,10,407.36,116.70,89.35,202.77,1,-1,-1,-1
